1792
1794
1795
1797
1800
1802
1803
1805
1808
1809
1810
1812
1813
1814
1815
1816
1817
1818
1819
1820
1821
1822
1824
1825
1827
1828
1831
1832
1833
1834
1838
1839
1840
1842
1843
1844
1847
1848
1849
1850
1852
1854
1855
1856
1857
1859
1860
1861
1865
1866
1867
1868
1869
1871
1873
1875
1876
1878
1883
1884
1885
1886
1887
1891
1896
1897
1899
1900
1901
1904
1905
1907
1908
1909
1913
1915
1917
1918
1919
1920
1924
1926
1927
1928
1929
1931
1933
1934
1935
1936
1942
1944
1947
1948
1950
1951
1952
1954
1958
1960
1961
1963
1964
1966
1968
1971
1973
1974
1976
1977
1978
1979
1980
1982
1983
1984
1985
1988
1989
1992
1995
1996
1997
1998
1999
2000
2001
2002
2003
2004
2007
2008
2011
2012
